317 3160 1130 9787 5462 2930 1178 73 7299 5435 6427 5167 3573 319 3541 5670 5446 1151 939 1322 8328 5177 9583 9975 1932 499 4524 7675 9380 107 9533 5457 8001 7880 9939 2674 4048 7278 6215 2574 1433 3904 4194 7916 7142 1121 8398 2601 1326 5369 8680 5090 5802 2303 9231 5183 5838 8723 7105 4031 6296 4306 1532 5900 2989 5843 8588 5071 5355 230 9270 9178 597 3320 8944 5659 3144 5055 1849 3313 8325 373 9919 6185 3362 8055 7875 7484 8224 2931 2078 8131 1986 7305 9842 3379 6856 8067 5175 4130 3863 753 9526 4243 8862 2011 5440 4032 9545 1861 6893 9812 4921 7776 5304 4281 1708 8889 4774 5964 1724 199 8623 5064 9839 3315 7466 7122 4844 8878 4374 7039 2651 4223 9127 2052 9089 5327 9029 9983 384 7423 6354 6224 2656 1069 67 5442 5249 9057 4689 5289 1172 4952 4212 4823 8558 7838 1034 3839 1695 9628 2495 8855 5830 8591 2080 4583 4601 4546 5048 5230 8140 7557 8901 4779 7035 7953 1461 559 153 8796 2739 3514 4120 751 2982 4855 9390 6692 7893 8490 8882 3920 7238 1068 7171 5214 9252 669 3525 3344 6998 6611 3250 3287 5746 4756 8860 6432 4934 9830 3605 9852 9047 2462 2216 9513 2484 3928 3602 1645 646 3217 4330 2180 8091 1478 1534 4041 3874 160 3689 3691 3358 9369 5735 6903 4173 8474 6342 6089 9225 9449 6467 4729 9605 5824 1529 6679 9496 1966 6774 5776 2824 1311 4012 5589 6239 1731 4336 7480 752 7857 8433 5286 5120 6911 9201 4270 3478 6619 1583 7228 9572 9025 2398 5173 1119 6059 621 6867 426 731 2170 6360 1361 2706 8416 8024 1295 7938 3138 3161 2444 7631 9018 7839 1954 6732 7315 1099 4690 3375 4747 8114 9343 2791 9510 1864 4915 3143 7364 9784 5453 4644 7690 722
30 5954 8183 5917 4716 3186 6746 8727 3035 2426 4564 4988 1023 249 5737 7181 7447 3621 7686 6886 5922 5358 4362 316 9069 3349 7801 4339 7422 9544 2936
28 2822 3171 6348 6520 2912 4799 3185 3018 902 7993 5291 3819 2859 9091 3461 210 1886 3142 875 5563 8430 5225 2248 8197 2505 6074 5666 647
29 2921 5524 6857 5247 5461 9258 3033 33 4975 4348 9979 4168 7706 2397 6629 274 2278 613 507 2792 2521 9156 3615 5078 3115 2282 8077 4437 6377
24 5831 2766 8781 6973 7180 238 1127 7316 7815 4565 140 1161 7500 6009 7889 3253 4541 1343 6070 9691 5017 2250 1714 9841
30 7136 3562 2793 3612 1124 3036 3275 5376 7561 2722 6795 1792 2320 8659 2577 9008 7779 7795 6789 2997 3714 6571 9859 1570 8376 7930 3197 2956 519 2436
26 3117 3720 528 2479 1016 8549 5714 4703 2924 2355 4002 2606 6915 8255 6653 2821 7285 4572 8021 7786 9602 8527 6838 1601 9991 7207
28 2820 5955 446 4001 4314 3019 8201 8263 2310 5168 7131 1092 9090 2647 1726 7431 6079 6403 4879 2598 5139 122 1208 4155 9903 8637 5736 4586
26 9997 5160 2365 7529 2353 7232 9627 590 5315 8728 1948 8752 7663 680 6953 6288 5692 9693 3526 1372 6489 5907 7435 9866 3810 9741
24 835 3782 8143 4573 4724 1306 7401 6847 6989 6291 3382 4743 5067 5617 3776 3718 7127 3178 269 9022 9221 4518 6094 7997
26 4506 7297 6231 9385 9454 3242 8569 1564 8939 2724 1483 3321 6137 2224 9560 6376 1156 4752 4253 7113 6108 8749 1279 3381 836 5897
25 7833 5383 4166 544 8063 3267 2167 9436 1120 789 2538 8477 6484 782 7623 639 6696 608 2639 508 3397 8846 5882 145 8941
31 8450 1143 6493 2141 5654 5351 9350 311 5570 2183 7761 1516 7672 8824 5018 9750 4658 1502 4162 7879 6020 5544 1979 8428 137 8685 4688 6784 1522 85 9307
29 2603 8299 3460 6595 6756 2489 261 5822 7390 2415 545 4582 6145 7018 2251 3512 8139 3890 8029 8319 4035 7225 6080 7156 3913 1738 3285 7215 411
33 2854 6897 4481 7421 9428 5082 1639 6389 383 4818 7753 4657 1401 5800 4676 5546 4700 9119 1616 302 2473 2272 6558 9746 6004 7092 6477 8229 4741 8363 5294 2481 2681
28 2139 7539 4660 3410 6481 7176 6464 8368 9531 4370 2040 2808 3894 9060 5695 2315 8028 2181 6712 7550 6043 8676 7017 2938 5459 1396 6932 8009
26 9670 9688 281 6379 1131 5916 1735 9308 4822 6263 7473 48 1413 8422 2151 6594 761 2831 1357 9099 6901 4981 8353 1150 3872 4767
26 1959 7760 330 8547 1969 6485 4104 9548 8877 3705 4081 6951 5817 1416 9085 3638 3263 4426 9536 821 485 889 7174 1199 5885 7527
25 1785 9957 554 4773 4195 9139 9980 1004 7800 6309 2064 5568 9737 5972 1137 604 6439 2899 9487 307 8729 7789 4268 8151 7854
27 2635 8669 328 3383 1926 3139 232 9955 5163 6747 5413 70 877 5720 4199 5581 2949 7141 7535 1696 3864 6541 3351 9082 3940 4871 1778
33 6933 2996 8654 9632 9039 1614 8933 2918 975 6572 7024 7536 6449 5840 2817 6996 998 5464 6967 3433 7446 5607 5888 9684 197 6408 9113 7029 8743 6776 7764 9212 973
30 5260 816 3339 1080 2236 4739 1760 2053 8581 7392 5748 8316 2184 6310 8035 9264 4240 7881 5929 3357 3497 9210 7619 7220 7542 7396 891 4659 1921 3818
32 493 804 3665 4066 2399 2940 7724 1560 7468 3887 4736 4062 1233 881 9855 2818 3926 5732 920 30 8550 2447 657 7825 104 3789 3980 2393 7544 4674 592 2107
31 7590 9136 1976 3405 2395 2258 8012 7369 3420 9648 5235 1089 6693 5488 8722 799 6827 9758 5697 9319 7665 2427 9705 9710 4580 8750 9765 390 6546 7162 4576
24 333 4474 7309 5942 357 8250 7715 200 9338 4579 3464 9389 8007 5422 3569 9016 823 9301 9034 9894 5215 696 7593 3071
25 2098 3452 3350 5829 5945 7078 2707 734 1692 6820 9917 9007 8665 3095 5063 1887 8529 9566 260 5381 1443 7583 7705 2203 5275
30 6261 7781 552 229 9033 3177 8954 7375 2608 5739 8274 5366 3078 3228 1507 8378 2806 588 2270 285 3337 5923 3738 5872 4380 9586 9474 8194 7774 1911
26 7759 2090 1060 1398 2186 5448 1562 6744 6978 8518 9372 2685 7056 96 5505 9262 4118 9341 3189 3649 717 8682 3451 8443 3159 6598
31 2734 2086 3656 9408 5226 9391 4302 2745 3439 9173 4064 9218 1933 4376 7044 3211 904 5056 3884 5636 9379 8531 1501 7204 8014 897 7246 5161 6301 8909 6511
29 6599 9446 7397 2633 4784 3292 7974 4205 7748 4953 1132 4679 3146 2852 3686 3672 4340 5957 5389 7504 5321 7657 8902 6704 6532 573 3868 5365 4361
29 3060 8383 5973 1964 1210 9629 2137 8913 6559 7950 2030 3506 648 8562 8334 9367 844 3814 8113 9649 8521 622 2377 8342 8918 7843 5410 4594 6246
27 2446 9589 6992 9131 6509 9302 9121 3500 3277 8808 2122 331 109 3011 1642 7948 7737 5038 7428 1702 988 2109 6335 8032 3098 8672 7371
26 2234 8394 6819 6005 2775 8417 1414 8494 4938 5036 8815 5124 2255 6238 5485 5001 8757 9551 6984 4744 8101 8136 8606 6673 3120 4600
28 5454 9445 9568 3322 6876 7239 2637 8741 484 3683 1427 4290 7928 6716 7112 4862 6846 6365 1640 5640 579 9843 2856 2054 4683 4699 3101 6974
30 2922 957 2785 9236 6027 8673 7489 4692 2738 7906 4047 9857 8149 938 2475 4207 9140 4653 3248 4372 1334 7198 770 1669 3450 6713 787 7577 6216 2084
30 2772 352 5324 8625 8324 8074 3898 6049 6902 6817 2797 2289 5074 4588 3743 777 6406 5761 3129 1903 8795 272 8856 5902 8788 321 5562 8805 3952 7368
26 8033 3756 7787 9951 5400 3391 7607 4307 8689 1680 6749 9207 1832 4955 1057 6334 335 2827 5602 4899 9275 7920 4176 3057 7804 6865
25 8103 7794 817 8872 5855 1547 3949 184 1676 6329 2955 4430 989 8883 1581 7570 7632 2112 5745 5657 8045 8770 6688 1594 7936
26 4172 2156 5475 8678 8134 9175 5940 4126 6369 4452 3532 1519 8483 5028 2354 3812 2551 1453 5081 8321 6501 2987 1086 8146 509 845
30 5634 4392 9992 1217 8046 5693 2499 5556 685 8876 258 1405 8446 3759 1761 9279 3220 2546 1619 6900 9744 142 5981 186 3729 9642 7478 575 5638 6065
27 6428 1247 7449 8530 663 6826 4722 4394 5759 1074 4163 5768 5027 4918 1439 4146 52 7273 1107 6602 7897 2478 5261 2819 5549 119 8092
27 7245 7720 1924 4507 7482 2352 7541 2613 4431 4519 1168 9247 1460 8967 2897 398 5655 913 1388 5812 6356 1071 6332 9995 5470 8964 2894
33 45 7229 3632 523 5938 9806 3323 1588 4069 9315 4589 5760 8541 7202 6927 1280 6743 9810 7155 3567 1611 6050 1008 1438 6071 2732 5408 3948 2594 8539 5635 6217 9873
28 8854 7343 2037 3763 5566 5251 5 320 308 3262 7059 39 2610 2348 4471 7265 6302 2972 5463 8199 7547 5979 7303 4105 1580 344 4963 2634
30 2368 8644 915 1275 6102 434 9484 5705 8154 2937 4857 3925 9970 8369 8857 7075 8034 3193 7808 1073 945 3053 7827 8344 6548 6771 2927 3930 578 2371
28 9475 4581 4803 7982 422 4145 3037 8005 9808 3481 1269 6997 2412 1530 4761 1353 9046 9671 4987 742 3761 9061 1869 9900 7164 9388 4940 7641
27 5679 8568 2335 4937 4910 5999 6580 6304 8478 4396 7709 5322 4833 7785 3454 5611 3795 297 599 8300 4686 2742 695 47 9244 4954 6303
25 3042 5613 8205 4458 931 7016 6221 883 1214 5347 223 8842 1314 7258 7099 2684 3371 1291 9432 4285 7945 1997 4984 3645 9358
26 1666 9858 227 5156 4436 3009 9856 6312 1304 2689 3784 5490 3131 5409 8031 5978 1713 3677 6270 4806 2875 5184 8838 5158 5002 7718
27 5266 551 3579 5713 9907 1777 2039 6225 9490 9278 4351 278 6072 5239 756 3085 8016 6831 7451 4024 7677 6667 3218 3956 6269 5953 6804
32 6440 9443 8657 6265 5826 2430 5522 216 5353 250 9437 7670 907 2262 4379 9906 6368 6298 4232 9387 7206 2321 1732 1157 3564 6067 5518 8929 4593 340 287 8132
27 3039 4801 8152 5387 5298 4817 8256 9675 8691 4147 9618 6024 9334 6861 9659 4570 6949 7095 8508 8836 7048 3207 5849 4923 6969 6810 9015
28 6613 3533 256 7177 4181 6753 8634 9229 2318 1610 9885 3484 6025 8538 7558 9197 4727 1876 4946 4865 3597 1775 9333 8058 1682 8596 3328 582
26 2440 8653 6928 7026 5478 6710 3556 3166 6069 2260 9500 1709 6565 7888 8999 3822 1684 4781 3964 9972 6465 8708 7508 4708 8479 8887
24 6198 5325 7011 5740 2614 6869 703 630 851 2832 332 1749 3507 7248 803 4893 461 4780 7563 3032 12 3779 8582 3758
29 1434 6770 4214 1499 5148 8754 8609 9485 5218 8911 3243 5438 710 6601 909 3944 1452 3359 3231 8702 829 1561 6937 8030 3727 5231 439 7856 7731
24 1179 482 1437 4091 9797 7648 6016 6500 6634 9989 9798 5781 9466 4410 8707 4059 7762 7783 495 2210 3993 2031 953 4516
28 8019 3972 1842 9933 1745 5968 4408 4858 3091 4385 87 3730 2235 4423 8814 382 5662 9400 3768 2688 4624 699 5305 9505 8105 3024 1916 9109
28 156 2091 1691 2578 9150 6554 7185 6859 3678 3273 4612 5441 5428 5427 9010 1046 8196 5920 3445 7391 3996 808 2694 5101 1446 5317 7903 3334
32 6812 3611 5115 8130 9984 4636 2439 7412 4388 991 4019 239 1796 895 2077 8498 6940 8837 299 2880 1381 6109 5445 7360 7754 2094 1634 5374 8298 1367 6173 7341
28 1711 9213 5895 9592 4824 6177 9571 841 9851 594 6707 7612 9844 4213 5299 6048 7964 6805 9479 9318 1447 2907 1464 2268 6823 4592 7502 969
30 1134 2698 8386 2876 2599 4018 8285 7349 4945 6574 3286 2153 7188 8960 4525 7221 3852 1190 7495 6736 2476 1951 9020 9065 4450 5633 8360 764 2809 5284
30 5876 5467 7031 5886 968 5423 8162 1521 2298 9055 3741 7645 2935 4873 4371 305 6418 5295 5199 6307 4861 8361 3624 4968 4271 5110 4461 2623 5269 9932
36 1566 6319 7380 5206 9817 7603 2201 6616 2470 5253 8106 6456 2675 5265 376 6399 5132 1146 1771 6483 3389 6850 1403 1356 28 1513 7193 2976 2264 5711 7921 9650 1106 7066 7886 7775
26 2758 7337 7251 4318 9937 5125 7869 1098 3124 387 2790 1701 6220 2309 3109 4441 3550 3676 1110 6517 6848 196 8409 6722 8774 8694
23 5959 9440 9695 7279 8462 9329 619 3545 3893 3251 2811 9098 8288 183 1673 2929 4404 6381 6636 9486 4762 6008 2901
26 9151 3288 8468 1021 4909 6410 3667 147 4055 4785 5108 6646 3317 1467 6939 2118 8947 6469 8280 6290 4810 6317 9912 6654 2514 3072
28 5604 4922 4006 8841 4151 5912 2375 6244 8441 5401 4174 9280 1962 8482 2593 5531 3650 7510 19 8662 7211 4210 8323 5729 3421 556 5507 6090
30 9861 1539 8870 1746 8513 3264 4455 1430 5079 4950 7356 1871 3167 2124 2056 831 5379 9931 8362 7053 9624 9730 2208 5165 3133 9306 1989 6799 1428 6159
27 4467 5388 5492 6556 3412 7450 3813 8859 231 178 3054 8713 2193 514 5741 6875 5034 6733 8635 3848 6431 4061 1022 2189 2041 1327 202
30 9832 8504 2469 6474 2736 6255 7259 572 5506 420 6367 7549 9081 1383 418 4149 7912 1710 5047 6034 1355 5892 5961 9086 9613 6068 7194 5915 8819 362
29 9738 5503 1807 7689 5207 8234 8746 9238 7777 1149 323 9376 7532 7242 1853 1451 9547 2341 5357 3965 6568 1646 520 8252 8393 1017 9620 7294 1503
23 8725 2202 40 9190 4476 675 674 5875 1020 2009 529 5803 1122 7823 3327 8626 2453 3395 6852 5795 4228 2749 3668
29 2863 4447 5149 9685 3201 7295 6211 5580 4137 4350 5277 584 2370 6338 2369 2464 6426 7725 9424 9570 9169 2159 2566 3578 5180 6832 7166 2834 7272
27 7080 1312 2205 5520 9520 215 5424 9324 194 5497 1934 3360 2617 4693 6714 4051 500 9611 8086 1992 4725 9305 2046 4320 2626 3404 3444
26 3883 7186 2351 8624 6237 964 9477 6385 6364 7876 9780 6352 9617 7378 4549 7999 3113 5614 4453 6723 1811 4039 8084 4287 6012 1615
27 2150 8948 1407 5313 2057 7910 1493 560 7275 5329 7564 3301 2219 5076 9507 9630 4133 4357 6199 1476 7548 3933 2347 9148 7738 8068 5398
28 691 7642 2005 1250 5086 15 7988 3489 1064 5998 933 2826 5694 169 9666 6111 1828 8674 4405 5288 2733 7749 818 9766 6222 5859 5042 8180
28 7318 1359 1024 60 8924 8865 6990 3486 9439 9654 1395 8296 8721 4160 66 5924 3639 4023 1563 5814 542 7263 2454 9924 7453 860 6235 2661
25 3516 5030 8927 9732 8820 1681 2359 1373 1836 2207 5259 5198 4112 3470 4786 8800 774 765 8923 8359 217 9291 6141 4490 3399
26 5455 2864 811 1756 3671 289 185 2331 8769 2539 6486 7104 1621 4509 6685 847 8161 7821 6126 4537 2067 8011 4354 4418 124 8629
29 7678 9202 5721 8885 2042 9804 1554 9899 5901 4642 9853 4289 9368 5828 6948 3147 8614 193 2133 1565 1624 4850 5702 6907 3687 9865 8307 2267 2217
34 389 6879 8740 5237 9785 6351 8293 2840 8646 8423 6186 9110 4127 6648 1870 3061 6450 5268 3596 4847 6759 490 6087 6116 5339 9399 1834 9253 7125 4020 9152 2349 4331 2338
34 6130 8545 314 5136 7929 9699 4311 794 7931 7755 6160 9575 1166 1215 8129 14 4187 7093 9125 6023 9137 9105 11 2284 7461 2559 1937 3355 5032 5033 3107 8392 6405 3116
28 8980 4949 7235 5889 1862 5553 3954 9462 7768 3558 9393 2846 5420 9160 7792 5688 9587 4010 5393 6605 6825 7595 5586 2959 2556 3769 2367 7417
26 2995 9740 698 68 738 5610 5052 5296 1821 3430 5716 9552 4883 2130 9647 7943 7003 2665 1945 7252 7139 3909 4666 8018 2582 5065
24 9058 2648 4068 736 8937 1740 8679 1245 8330 2373 8907 7877 5913 2466 6104 716 8571 9298 1031 8818 5728 6371 4881 6142
31 9053 5801 5914 9522 9352 8699 7381 565 8182 54 6434 5770 5405 527 8844 2682 2171 7088 649 5927 1733 46 607 8706 2422 9576 6745 8241 1211 6498 2296
30 187 1846 4239 9073 5612 6794 5229 908 5126 4788 7483 3785 6590 1723 9993 8686 3303 5378 618 759 348 9711 708 1108 2177 809 9523 1958 8981 3760
28 7643 5097 5245 2841 9816 5224 3731 7149 2562 6606 2050 7939 9326 1457 7615 2226 2754 3252 1912 8962 2691 8559 8164 3406 2215 3748 2980 3595
30 3190 7918 4034 2767 5307 7572 8791 8264 8493 5818 8931 4421 4230 5971 2290 5187 2700 4206 6458 5933 6158 4705 2926 749 8660 1270 7729 3826 265 1154
29 3183 4057 6200 3302 2965 610 5105 620 868 3603 2408 5332 3700 9902 1736 2387 4522 7218 5252 9726 6131 2438 2784 1183 1815 7477 2306 2507 3082
26 4904 9791 7552 9559 6995 3049 813 7693 2843 4292 5238 7077 3609 2683 5236 2492 6336 1955 7208 6641 6281 4905 2737 9580 6320 5361
28 3425 4107 9251 5134 2394 6112 5587 6472 3584 9458 8826 7859 9707 6930 1173 1469 355 9597 8473 8069 8408 8888 1497 7711 9143 7852 2994 1363
30 2717 2496 5608 5898 896 3844 2166 7679 2992 6535 8642 123 5080 8938 9344 5098 7210 7975 5131 5186 1332 3736 3843 2383 692 9971 8640 2968 6561 283
32 7849 3929 416 1776 6313 4903 8111 7054 6994 3465 8235 980 9821 4869 6674 603 7025 3807 4218 5993 4420 912 5498 8171 6958 4216 1432 7730 6929 5918 2008 7002
29 6885 1425 5209 5751 2570 2966 4677 3755 5639 2266 4003 9267 4591 1206 1915 4098 9672 5015 2324 3971 6962 7255 3861 9550 1800 127 8317 537 711
28 8232 9243 1805 8710 8906 6718 6286 36 6470 2194 425 8289 4382 2114 2845 4669 6742 4094 1582 3342 2750 7085 8382 7224 9680 5536 7553 3931
25 9822 3551 4878 5031 3623 3455 2036 7621 5412 2943 4732 1145 9024 4851 8095 6589 7067 9945 351 6248 8779 1947 2329 9444 7559
26 6340 3827 7394 6935 9625 513 3335 848 1118 8801 133 8639 4749 6829 3034 8186 3737 524 2655 7498 3947 6534 2257 2850 6061 9643
24 6430 280 8590 7611 4622 879 2770 8812 720 8466 4667 3356 1262 5727 7172 64 9511 4499 5271 5004 8169 8308 5257 6737
25 7851 688 2330 9811 3331 7158 1243 8532 7443 1320 5890 6178 1303 8605 5994 7702 471 9471 347 8456 1576 7713 6660 6952 4605
27 3448 1348 9052 1278 6983 2253 5706 9494 4575 2477 1081 8013 3407 2998 4438 6180 7635 7133 2127 7051 727 1902 6181 9947 5870 240 3554
29 6056 2146 1893 5794 69 9721 1344 2679 2919 400 3631 8989 2121 5974 9 1968 1552 6624 3692 3900 748 8160 4646 2498 6709 5432 6626 6240 6491
29 8172 750 6046 9120 4221 5170 8572 266 1897 5687 1908 2325 1618 8925 2508 7292 2070 9946 3916 7226 5656 9048 8451 1786 2667 4793 3958 6135 3708
30 5371 4980 89 432 780 4942 6919 7765 2558 6460 3817 7589 6721 2889 8276 8827 4618 2023 7034 5364 4816 8748 7457 4360 8515 1638 1473 1697 8898 4875
30 2870 8724 6154 1556 5077 8445 5318 117 141 9619 9554 1839 6914 6705 3174 6182 3390 1054 3939 2726 8198 4429 6645 1982 4075 3369 4635 5204 6835 2103
28 9145 5147 9942 6664 1890 9751 2144 3122 8349 9457 5406 5969 1002 2986 8159 143 213 2893 6451 9419 2026 2596 1729 3428 8467 315 5285 7741
28 2223 2550 8835 7543 779 3118 4298 745 93 8718 9093 7419 6412 1905 4838 3927 1050 2650 9005 9088 9574 1153 8126 8811 3962 5667 2504 7260
23 2584 8267 5516 6382 3537 9540 3513 2179 9317 7267 997 4375 4914 2292 2231 8336 3790 4036 9514 2597 2510 6390 4965
29 5254 8607 1712 7230 8829 8992 1165 9147 5138 7597 2960 9092 1988 4316 5137 7370 1829 4226 2979 7283 4333 7137 7818 735 9032 843 9731 788 4502
31 4114 8128 9117 3911 1260 5020 4983 6703 7028 3130 4929 3565 3199 3269 1879 9455 7167 9077 8414 6695 2490 7826 1475 754 5009 6499 6086 2093 2105 9347 796
29 6975 3701 3903 7579 5066 9362 888 5053 8460 1548 6892 1914 8601 7515 494 1537 7676 2047 4389 2421 7987 9778 31 4237 6029 2516 9882 9558 3006
30 9141 7006 9130 3164 6677 7957 1787 4363 6824 1301 51 5847 8279 1774 1308 6628 7129 7160 9226 6700 3413 2160 2072 2779 5926 2345 4998 5698 8753 5320
30 6096 724 7030 1014 6092 4050 4304 4264 6277 431 6268 995 6672 5270 2300 4623 222 5755 801 5986 9386 4920 4608 9667 6883 1672 1313 7474 2157 7887
27 1111 5555 9075 9079 8282 2343 35 8737 2961 9994 9870 1207 5281 683 3543 2645 5643 2695 6343 7143 8340 8612 783 1470 9987 1891 9438
26 3660 3492 2442 6421 919 7065 7872 6230 8122 8191 6552 1848 5385 2690 1940 4972 3787 3725 366 1162 1105 5489 5591 2254 9895 9604
26 4891 7946 1196 8052 4175 1441 4745 3882 4017 6612 3849 5600 2970 4317 3753 4482 9269 3052 6525 1005 4366 5402 6821 2059 3870 7010
26 7320 4049 7015 2252 5896 1032 7745 5904 9771 4132 1176 1972 9996 6398 7656 6725 5421 1605 8809 3713 3308 5844 3697 3970 3279 5216
25 2600 8372 1424 8297 5349 6966 3651 2410 6097 8507 6510 6763 9222 1117 4654 8269 1722 8664 3087 7933 4820 8218 2532 8167 8470
30 295 9538 5653 2557 3707 8751 5726 4278 2591 1882 6162 3802 5301 353 7596 1838 1458 3616 1033 2910 7357 7640 5891 8825 6987 7376 9774 8037 4345 3540
23 9191 5595 1036 9966 2195 8584 3114 8528 7680 9135 1261 6060 7588 5627 6124 4609 4742 8230 8557 1362 3998 547 5276
33 6781 6557 2803 3772 4966 3524 7742 4286 6292 6622 5619 4874 4341 9370 3778 4294 2973 1170 9776 9405 2128 8259 1366 1463 9639 9962 517 8589 3202 2620 3386 4184 4916
24 3636 1942 2152 1410 9836 8651 343 5390 409 9067 7816 2666 6772 3723 7310 5099 2471 4848 9623 1874 8174 3041 2828 2952
23 4967 8364 8983 3417 1283 6280 9854 2624 6586 9012 1662 4312 3963 9070 478 7573 3732 7685 5328 2796 7128 2884 5029
25 3353 6001 5532 421 627 5102 6267 9660 1039 564 7701 428 407 9295 4886 1850 3809 4102 7269 7647 3522 5948 5481 4897 5930
25 5482 2191 9506 6889 3291 8108 1784 5887 5862 5514 5547 8047 6191 4148 5577 6837 4902 7083 591 6894 2025 6981 3910 5372 282
31 3187 7047 5939 7496 1100 5258 9096 1138 2838 5302 6163 4460 4435 2877 5894 7989 7247 4930 7298 6204 2740 2662 5468 1101 6316 614 6153 448 8959 4087 3227
28 4611 9561 2069 6681 6504 6099 2243 7614 391 9908 4101 822 8248 5451 7860 226 354 6058 8495 9396 7403 9146 8742 7666 978 2895 3366 7654
29 2849 9248 1956 4650 2756 1276 7637 5348 6007 9762 2542 4986 6272 9232 3437 4814 3740 8496 7070 2172 767 8922 8955 1378 5375 4526 4964 3767 8311
28 820 9417 1066 1822 6686 3854 4116 4040 9921 7472 3280 8213 5501 8650 9800 6175 5982 9214 2174 853 8576 5805 4973 2501 8893 5471 6762 1399
32 9581 4501 6683 6093 3867 6278 1282 4273 4478 3780 4527 4497 6174 7288 6508 8475 8242 4534 2229 3276 3329 8881 7954 3750 3586 7411 1543 6184 4698 7004 7796 7326
28 8598 7984 8415 1051 8273 1996 177 8617 3010 7809 8384 918 775 1741 3754 9162 1743 8984 5217 1500 8554 2214 9582 7747 9799 6576 6632 6202
25 719 2713 4397 8399 7752 6658 7538 8206 8677 6454 1880 76 4266 2743 7994 4738 6373 2277 2361 7512 9819 3214 9748 8374 5845
33 7138 8502 6497 8125 2858 9128 8833 174 8517 5951 5834 3435 8337 7846 4477 4424 3370 9564 9794 3068 3125 4070 7565 4528 139 4242 1018 814 1385 1212 5007 9607 960
28 9392 1038 2554 2323 8072 2677 3103 1904 7393 4247 360 4402 7491 7012 7587 234 1571 538 2625 1286 1757 1844 7372 942 8192 4682 5559 9478
28 3016 6980 8073 5005 6815 6844 6868 7415 4888 5382 9056 7919 1482 3942 9923 3895 4106 6193 6803 2641 9663 7905 9879 6694 6926 6899 7537 8412
32 6507 286 2332 1751 5116 7109 7867 7347 4117 8389 3654 9327 5222 6531 8358 9281 972 3415 3646 1973 1336 5672 6110 5145 3498 4459 8343 7746 2308 7107 7470 6663
26 5588 4794 5952 667 9967 5796 7327 150 5975 219 924 5691 5752 693 583 6400 631 1510 8524 4709 921 1812 1518 496 98 5644
27 5832 6488 7458 3268 7667 393 2346 2710 2027 4892 1960 3721 3449 4343 4244 4103 4191 17 3089 1318 8965 4346 5734 8060 7348 1508 1177
31 8141 1468 3501 1205 2963 1049 2906 9515 8957 1420 3304 9339 7352 1223 9185 1721 2165 6544 6321 8200 6106 440 9171 1180 410 44 9759 6717 4188 8618 3232
29 9106 7448 4170 5511 4084 309 6566 1007 8238 2947 3908 2286 2913 3635 7459 4656 2798 4719 5267 935 4668 3523 2074 8104 2618 5960 4714 7978 9782
29 3249 7606 4701 5537 2914 9549 2531 3480 9880 3182 8912 8505 5963 2014 8371 6908 9763 5606 3869 7829 705 8997 3566 3000 668 1716 3311 852 624
29 681 4236 502 3172 7084 4710 5051 784 3722 5323 4487 8318 5578 644 2220 3463 8373 595 8587 6249 4399 8719 9977 826 7019 6435 2659 6441 4275
30 2038 9718 1704 4249 1600 5144 2138 4315 3299 1541 6538 9072 1319 4696 3127 9716 8233 8367 9345 7168 6054 9101 121 181 6358 5650 6798 4590 4712 5392
27 6570 5233 850 5534 2535 9754 9803 3326 3429 2513 9815 1389 3982 116 5839 4610 1225 6604 8075 6254 3135 2065 5946 6818 950 6157 2969
26 327 839 6620 4386 721 3347 3195 743 9035 8426 7001 6895 2237 8732 8990 4475 7433 3414 458 2117 4038 5571 103 3008 6842 3580
28 9351 3505 6475 4099 9956 2873 5499 4809 6419 4889 8458 1936 2730 9217 4800 5331 2299 4706 8735 7904 3995 7486 374 7683 3474 8978 7911 6787
24 701 7613 128 8118 6910 1340 5596 8793 7213 2502 6345 2800 9935 3293 9981 5399 9896 483 3572 1957 7517 561 2493 977
27 1826 8406 6640 8481 6258 9930 7086 1009 3348 521 6287 7377 5804 9673 8942 4261 9316 4513 4846 114 1586 4449 4337 4707 2957 9827 6014
27 3592 8039 5529 8890 4730 5683 2774 9395 2337 1085 6213 7013 9325 2312 6617 9626 7971 5620 8863 4772 9661 4584 859 7518 6136 7152 6266
28 7674 6543 8177 2396 2304 6444 9915 5850 3858 4521 3156 9116 3975 6591 2615 1856 557 9609 4167 5842 9144 9000 7571 4308 5232 4681 3345 6513
25 5835 5903 8286 1421 4227 979 2468 9356 5742 6409 1103 4288 1494 9174 1941 4299 1845 4860 5203 5950 8061 1484 7697 966 9770
31 4115 1788 7161 4009 593 1985 7980 7430 8377 5278 8004 8655 3336 6386 986 3368 3325 8116 9641 6285 2515 1394 4203 146 9259 4367 7094 7934 518 5044 2155
28 586 625 5008 7894 2169 9781 9954 2522 8153 2763 1899 6183 7069 369 1950 1231 7425 3282 6297 7169 8789 8522 2718 6327 3168 5609 9452 1875
30 3440 5703 6214 4088 7020 5860 740 9665 8831 3711 4997 9634 5791 3314 6665 7740 6684 863 1246 72 3945 4142 5155 2553 9948 5864 1333 2925 7424 5987
26 1408 1764 1037 5127 1152 1229 3212 2280 1545 5793 8260 8189 5642 8996 9297 763 2605 8853 8127 3842 24 3062 4135 4419 7460 2494
28 7782 6982 2777 928 8204 4323 6274 9848 1802 7045 1358 1719 5202 6119 9683 2411 8331 3793 1078 346 3084 4150 2400 2829 212 8799 6051 7264
25 4182 1387 1139 6925 3536 1659 9456 3297 1299 550 3865 9158 2984 8038 522 3441 56 1341 6443 3977 9364 4841 3092 1015 8314
24 7277 8896 2693 9378 9735 7528 2687 8000 1797 4215 9287 6946 8023 7231 444 1652 9706 2486 8163 4463 2844 8002 637 7837
32 8044 994 5197 3899 9492 9095 4165 6452 7605 9793 6862 609 6206 225 2256 2034 2206 8291 3222 8419 7098 7325 2461 2764 6139 1841 9904 9869 3467 6960 8548 2134
25 3155 5354 3260 288 2232 209 901 5911 3416 8455 1920 7941 3458 5958 1720 5841 7959 8822 8181 3699 5085 640 9463 6564 2786
28 306 656 7475 2971 1515 1203 2158 9442 3648 9203 6344 1825 2178 8347 2857 567 6448 5956 1400 5362 672 3990 1687 8287 1782 4342 5618 9161
28 8078 4246 3640 1148 3005 2239 7598 80 4544 3494 8137 5962 9877 1382 5565 1265 3261 1814 5576 9631 2529 2360 6022 3527 9828 8776 6806 2288
31 8858 4830 9460 182 3476 5181 2358 5303 3170 4251 9260 1011 9690 1668 9769 2589 131 3213 9553 1164 9237 6349 2787 5785 6355 6769 7052 9170 5240 9768 7456
27 8544 8227 4996 4327 8697 8766 2782 7117 6522 5852 4428 5689 7909 6323 2631 4202 3473 8643 279 1633 8985 1546 5091 4255 9645 511 1397
26 3873 3860 7183 7060 6242 9825 6676 3281 4387 5496 6523 1742 6968 9598 2975 6760 7452 6840 5341 1112 6478 7090 5430 9916 3083 7652
25 9601 1030 5069 4944 4200 7870 8798 5597 8391 1747 2316 2888 7758 1606 6306 8767 3475 3029 6095 4993 4108 4411 5936 6002 7106
34 3216 1896 3119 9820 8503 3149 1325 8663 2609 8320 3804 1730 5035 1837 3515 7873 1070 4280 5652 5773 1213 8107 7314 9614 5164 4007 4912 2865 9950 8112 9208 616 9349 6843
31 3491 8579 9591 4400 82 2664 9044 4044 3341 6550 8089 7284 300 6082 9430 9681 1338 3728 5444 9521 6834 5743 459 5677 4291 677 7951 7965 8768 6017 6596
27 1579 7256 3258 5310 8540 4926 5188 5637 2247 8309 4272 6233 3508 4943 8489 5356 1613 7622 7506 3673 9610 37 5337 1305 4827 5280 2783
32 4523 4260 5771 6729 6936 273 4415 3396 9752 456 6212 9495 9593 2062 5579 8512 9233 1789 4321 4704 4085 248 3372 5283 3294 1900 3424 3752 2731 2716 3106 9958
30 4119 2847 6461 3630 1422 3811 5598 190 7927 6567 8603 718 7355 2981 2540 2225 2753 2108 744 7333 6066 2190 6339 2848 8953 9423 4872 9767 8236 6479
25 2586 27 6245 6407 4248 3703 8176 1689 9482 1000 3825 2474 2946 9040 325 5989 9516 5893 4211 8059 4234 6251 8567 4297 7492
27 9180 7313 6888 6482 5696 3050 6618 7087 3079 8506 4885 3675 9833 4092 781 2314 3594 6045 4812 6383 797 9114 2567 6506 4539 5255 2423
29 3831 9913 8952 6623 2555 678 5416 7878 5510 5584 8214 3434 8437 8350 3801 5775 9668 254 2425 905 535 8380 8998 7119 396 5092 1655 2007 8465
26 3766 1595 1590 2003 9773 704 2301 9753 7531 872 2120 5701 1436 1935 5573 5641 3792 329 5141 8388 8716 8852 6828 4615 20 9918
27 1813 3210 9304 3462 7575 941 4472 1290 8008 4401 7108 8975 5806 1495 1013 8303 3485 1090 7599 129 9503 6579 6169 9003 1801 1851 2530
32 3709 9037 7695 5113 7253 1264 4192 6167 9394 6128 3830 8025 1104 580 922 628 6836 4157 9876 2419 5977 9083 4301 8806 1274 5753 2575 9789 2905 8302 6038 1235
28 1999 5944 8850 5128 9636 4313 2536 5439 2161 8215 569 7925 1885 7344 1963 6530 7778 3799 3820 5631 7956 3739 3066 4381 5196 4995 3030 2099
26 3922 3179 6151 6871 7769 81 1487 7111 1872 9973 4262 5350 947 2741 367 8041 5554 6775 7465 2545 372 2978 1449 4775 5418 6172
25 577 9054 3099 3682 8936 2147 4358 3158 5425 9862 5106 8759 8051 7196 7546 5590 3394 9801 4854 2356 317 632 6490 2627 5211
24 8786 4433 26 2752 9115 4530 167 5757 7032 2891 6873 337 1392 505 5205 4836 8785 4265 9004 4224 3979 3653 4300 9138
25 6042 6668 5967 1285 2459 6361 4734 2021 9818 5603 2187 86 5810 4493 7217 1584 6549 2458 1514 7967 6324 5582 566 6947 5517
31 7653 6785 2 8438 2051 9678 2106 91 4550 2230 4456 8861 6187 1147 6380 6226 2200 5567 3376 4439 4536 3206 6289 3438 1281 491 4791 2213 4254 9556 4678
27 8424 3877 5934 2755 5910 9790 3330 8760 1688 4782 7290 729 5104 9712 5646 6863 2941 2592 4604 7716 162 7254 2638 442 5996 3918 6830
24 3875 862 3932 2350 8237 8848 356 5861 7046 8145 9651 6115 6471 4925 6521 4737 3641 9401 2073 9849 5649 7289 2712 1559
22 526 1492 5528 6864 3557 7728 7513 8602 8894 9300 92 8283 3067 4815 6039 3658 732 1718 2812 4014 6088 8351
25 1808 3482 8903 4144 7865 1302 5045 3241 1489 8661 6780 3685 5114 4538 3013 3419 7041 9656 4073 8100 8712 7991 6496 3504 9837
26 9413 6791 548 598 589 4282 435 6236 8040 5012 3110 7522 3377 2967 4335 6644 6734 757 5449 9331 9472 2119 3403 825 9296 2518
32 5014 3235 3051 6363 8053 62 6411 2908 4864 3254 7651 7462 5848 1873 4417 8675 9616 5758 4378 6223 7499 2432 4876 1200 1251 3509 9722 9134 1975 2467 1001 1637
31 42 7901 9441 7871 8166 3744 4621 7866 9892 4638 6690 1431 3637 1636 5191 1927 9518 6505 5762 9313 7182 7250 8102 1981 6503 8987 5836 9154 1635 9418 4131
25 1717 3968 8565 5472 659 4795 8958 9407 2096 7000 1889 4906 5766 8787 1114 7681 8444 3751 7669 206 5719 7734 1538 6542 8816
26 9168 3169 7979 3855 6284 5433 9943 468 9658 4577 157 6006 6924 1977 9999 246 8 5765 9433 1728 4961 3468 4422 7772 2781 4347
28 8220 3240 6931 4238 4535 53 8594 134 4566 6652 5297 1158 9502 9332 1698 1840 5394 6802 6118 7057 6913 4558 8188 8243 2123 1665 8879 7534
27 9049 2563 4765 4870 8120 6563 1994 5857 3604 4520 1228 4713 8015 9824 5487 1780 7023 4842 5625 8656 9926 4324 3521 5813 3354 503 7899
27 3387 8366 534 7707 2506 676 8790 7467 541 670 4413 5664 5504 9959 9483 388 6384 7081 2110 2974 7594 4569 267 3959 2942 1533 4956
28 7418 188 6754 1012 7240 3984 2728 3402 8294 6954 8807 6786 9292 2708 8599 8519 211 7262 5931 8056 4999 2302 3943 7281 8994 2862 1298 1651
32 9159 9692 276 487 747 1448 221 3040 5274 3100 9491 3791 2629 7195 3502 2657 8436 3152 6438 8688 9528 481 9541 2317 4620 5300 312 8520 7970 7688 819 2497
27 4078 9166 8027 3997 9622 5010 8620 9986 7317 8036 1767 71 9068 4633 914 8148 5426 6083 2988 9532 2079 7717 1337 5560 235 9100 3530
29 175 3076 1062 108 170 2145 5182 8966 9874 9489 4395 380 8904 3798 709 1144 2019 8142 5827 1623 6140 1970 728 8209 6659 1254 3208 3664 5774
26 6423 3503 457 6767 785 8418 5157 2403 4647 3835 664 2364 5484 6396 1910 9509 549 707 9132 3154 4783 1790 5344 8514 4256 9700
34 8995 6425 7219 1863 7323 3266 2218 4082 8266 2322 4334 3546 2867 6318 8115 264 6100 5540 3657 9893 7932 303 3307 8079 5452 5025 8065 6455 6420 1374 9112 2311 7322 6055
28 207 9200 6699 397 8381 6854 6436 8211 4500 6084 7157 9595 3319 3552 8133 9473 5094 6372 2932 2035 6514 8405 2751 581 6755 2380 7533 8670
25 4935 4574 6032 7116 8375 9565 8897 760 1218 6800 7036 84 8135 2872 1047 7750 3223 7454 2102 1041 7287 1798 638 3710 9542
28 9014 7382 8543 1175 9027 208 4887 9585 9133 1810 9006 8993 2188 3563 7692 1667 4776 9239 1043 1379 2898 8064 50 3374 3838 6573 4890 8986
28 2851 3198 1067 2801 4639 9990 5878 3215 8700 4153 5417 6706 5477 1052 8926 7184 7961 8703 2081 1331 1506 7121 7604 7923 8928 9330 3829 9982
24 102 9764 4751 7864 3845 1133 7703 5700 615 1082 5429 9835 7983 2948 1598 1488 3961 4016 9337 1273 155 7616 5527 7521
28 78 5645 1365 3694 3907 404 2429 7361 3090 1477 4446 2548 5290 2004 3271 7493 1409 1703 1922 9402 8088 5342 1393 8244 9422 8484 2616 2487
24 4768 1125 7329 9891 4948 7201 2644 9415 5084 6719 855 9736 5330 1094 9985 4649 7634 9265 6662 4517 1943 6203 7805 5551
28 7584 1271 4766 874 8717 6985 489 1222 800 1194 3986 1329 7771 4136 5811 9739 2092 6728 8761 7033 7126 1252 5605 9009 8510 6077 4369 8555
32 9888 3704 7096 4543 854 8919 8714 9708 8258 5601 6609 1349 546 866 6228 9355 5519 1781 9426 3549 5853 5458 776 8173 1663 828 3112 1454 8268 1268 9431 6133
25 9435 9328 5545 3306 171 1293 4393 3364 1226 9529 741 3846 3771 512 8087 8370 8900 4208 4121 6943 2095 9713 5513 6650 6264
28 2209 8561 5984 5908 450 6635 7519 375 8701 9182 3905 2511 4559 4542 7190 815 9122 3662 2658 887 8379 4159 1159 3224 3157 7810 9476 2448
34 1574 9814 4060 9868 8434 7351 1597 2049 9241 4193 9425 4457 2175 9220 3850 7043 5450 58 8866 2307 7410 8420 9271 9578 8071 1995 7342 399 6011 218 6881 4685 5988 9969
26 4189 3075 3181 1442 3716 1028 9314 2274 2788 1370 871 6860 6666 2534 1029 4414 3853 9901 1649 4863 4013 5190 2537 8081 2075 5690
26 8946 7132 476 2524 8410 1542 8093 2435 943 3234 8476 3137 4488 8175 8295 4434 2676 5995 5437 7807 8658 9064 470 531 6091 7414
23 934 3581 910 2604 3953 7842 1238 7981 3548 3058 1045 4021 7509 1135 8429 7064 1481 5221 6495 9023 3274 4680 5678
27 7426 5673 5049 6778 7151 6779 9599 3086 974 9976 4990 6129 6878 2939 6670 7882 4365 8098 4770 1230 8354 5089 5039 6751 8535 9878 2456
25 9189 766 8733 2526 4697 7660 3191 7400 9309 1044 3094 3400 7212 3973 6957 488 9493 4877 3938 6161 9573 3633 8240 5473 3531
29 1141 9696 8339 4628 1604 1770 3340 1971 6171 8066 3585 4602 4128 2424 8630 5154 7832 8570 2816 7658 5019 661 5599 652 77 7153 3080 277 75
28 6229 7511 9747 191 7481 338 173 9289 6872 2552 3392 1182 9664 3955 5419 3885 9709 8082 6964 6870 4000 2363 7799 9813 1509 1288 6028 5054
28 3153 9157 7699 6445 4391 8439 158 3871 3647 9084 3134 9179 6882 7340 406 884 5899 8480 7813 9867 2022 6019 9062 6103 2088 4274 2902 937
25 4466 275 8523 8971 4777 7790 791 5159 4095 8020 5909 4748 4011 7739 965 2379 3270 6047 4445 9715 4479 41 5937 497 946
28 4052 1364 8026 6402 7408 1865 1253 790 3105 9562 3941 6156 2568 3043 4470 1858 3880 9922 8692 154 959 7601 1685 427 1820 3906 7907 5723
28 1048 94 3856 6959 1835 1239 1677 1674 9310 8783 6999 3490 8821 334 7429 6085 2759 842 6526 4269 3365 1155 3626 6415 9517 3074 5021 2388
30 2805 596 1186 2512 3518 6922 9777 5784 4089 6331 5070 7072 1097 9464 8764 999 3418 9276 7189 6691 9357 6 2405 480 4532 8501 4540 900 1766 6207
29 3423 6227 9257 7173 3698 130 5868 9504 4486 1883 1317 6918 7308 3136 6337 1418 7962 9823 4080 97 2449 6346 5663 5558 3588 3239 2533 9353 516
25 6950 6765 8778 1855 106 6979 5512 8262 5502 3229 9187 9249 6378 2111 6807 7437 2861 4233 4154 3688 6631 7074 8747 7332 1181
34 5919 4759 3598 4717 291 5990 5210 1602 4432 4641 3069 110 1585 8144 32 5718 8780 7853 1567 1088 6326 4595 4359 9195 3726 3426 1479 6260 806 3719 8585 2386 9410 9577
23 1572 5130 9646 4917 5724 8277 7751 6328 4201 2643 1163 310 5367 2549 9525 5816 7366 2612 857 3219 3045 7319 447
33 6392 4797 6610 4169 1909 2391 3225 5223 6944 8628 4284 8892 9809 4599 858 3204 9674 7733 9294 3999 7797 4491 3969 1755 5788 898 9342 4407 3196 3583 4111 4364 419
32 4960 4796 8170 479 3702 3442 1961 9831 1998 9795 2238 9107 1524 3453 5373 9421 1819 1221 3432 8304 3007 2628 8951 2336 4927 4042 1184 7926 6189 655 8631 1773
26 8097 9288 4807 1816 7694 5263 2768 7406 4514 4231 4828 1589 8832 8976 5292 2576 6527 6195 9875 364 469 6076 7644 1474 3607 617
25 9371 4338 271 8193 5244 2136 9461 7503 8222 4720 3180 270 4332 7040 100 3097 349 8739 9277 4531 1115 4619 7165 1690 7555
28 1769 2583 2263 8950 1025 682 3479 5474 1360 392 9420 3290 2780 2923 7007 7233 7831 7844 3824 6064 3967 5494 9519 4510 6293 378 8228 3038
25 152 9038 3937 2418 9224 9612 8471 3272 7629 1679 204 4161 3806 2564 8210 5242 7582 9512 4409 9198 441 9557 4556 4832 6898
28 660 1938 3385 7922 1860 9263 7845 7896 7915 1440 0 7830 1371 7300 1544 4839 4113 5730 4614 4305 4868 8817 8202 25 2953 2630 5674 3634
30 6808 6891 1040 563 2168 2085 4030 5228 22 2142 252 3121 2842 1126 635 263 4406 6905 3571 8333 4826 4853 1116 1065 4626 4932 4029 262 3734 3457
28 4071 8730 9584 61 2293 6299 1593 164 9223 8687 1980 5906 8284 1244 6453 2757 8868 6127 5469 2543 1699 2778 4947 8731 6680 9527 233 5921
29 6424 9662 9361 3295 4053 408 8991 1944 1174 5935 2654 2799 6357 2028 6210 7385 6350 3073 5594 381 4283 2964 3141 2990 4548 9383 870 6121 5193
31 5057 1568 7569 7636 7442 9761 6123 5176 2525 2720 4547 9216 228 1128 3284 8762 1224 3408 6120 4991 8525 6529 5363 5615 9524 1237 1316 5050 7850 5486 9914
22 1587 4634 5377 16 1758 1390 4355 6300 9949 6814 1490 6026 4829 5135 3535 7103 2702 1019 195 5747 882 1739
30 5046 4494 7793 2305 4279 7367 1123 1575 8577 7227 7432 8335 4045 8610 6545 3978 379 8226 2327 8537 424 5708 6031 136 3994 714 4664 205 7540 3436
22 8849 5535 553 6516 1465 5360 9704 301 2686 5306 4970 9734 8497 3245 6194 118 5715 4427 1375 2143 1540 3059
26 9111 90 3987 3373 5574 5368 385 3001 7891 8573 2500 6253 4578 5095 1496 5040 985 1240 180 8403 2240 149 3081 8979 1881 3796
26 13 4469 2813 5865 220 3318 2450 4158 3774 2977 6388 6540 318 4139 7027 6792 2602 3788 5871 1978 2904 1010 6442 6271 8290 1445
25 6197 1187 6720 5881 873 1042 5671 3625 9728 642 4344 8899 322 1892 8982 827 201 6101 7339 4613 6972 5491 4561 1627 2611
28 4764 4805 5334 5668 2701 504 1300 2920 5022 4356 925 7082 9412 7404 4179 5200 6811 8843 5287 7398 342 6608 5819 1347 3614 892 7386 8945
28 7937 5195 8797 8745 5460 3610 795 792 466 9871 798 6813 7958 5395 1654 5493 5733 8271 370 1087 7434 2991 5521 7505 3111 4026 3957 8387
30 9714 6956 6347 498 1558 5525 4553 3203 1725 8627 7824 5309 6192 6143 9414 1847 9261 9209 3805 5980 8705 8704 9373 9508 2197 4936 6920 3014 6955 6625
29 4974 5336 6600 768 8681 6437 7840 7955 7847 5530 2465 5118 9250 6851 449 2692 101 7710 4778 4711 4225 5626 6642 7972 5515 2703 4771 9192 4171
25 3590 1512 6671 8356 2746 7992 4250 6912 4880 7291 2835 3923 8390 1102 2697 2043 4043 9749 4508 5623 867 7602 8695 9941 7134
29 602 1204 5153 2860 2013 294 3619 4377 5293 2083 3398 9303 394 2017 2463 6701 3343 8491 4787 5043 9199 3935 1843 3469 932 4908 5016 5561 7021
26 9321 1415 8977 8693 3283 3644 1167 3912 7304 363 9760 2428 3674 9283 830 4740 7591 5212 1523 5140 464 4733 501 8487 8891 9600
25 4141 5370 5564 336 3126 6395 9406 6218 437 8840 7863 4882 3063 6607 6965 2087 5651 5088 543 7895 983 3841 8802 1762 1629
27 7576 1925 5583 5112 2048 2212 1257 8178 2334 4190 1423 6063 8915 5820 568 8461 536 3088 326 4245 151 1324 9978 8219 7885 2810 7234
25 570 3384 1768 3735 4156 1462 2154 6036 6295 8469 911 9497 2076 7560 6621 2485 6758 6877 9644 2443 1129 8485 5380 9535 5685
25 962 6796 3950 4442 5456 7464 3192 926 3544 9153 2382 2699 403 115 6735 6166 2271 8608 772 284 8179 9348 7714 4798 6577
26 7883 7175 5997 6275 7488 1804 2892 8974 2176 8917 7076 5000 778 7949 2900 237 916 7438 8921 9965 6909 3483 2437 3510 7770 8583
29 4065 1599 2836 2482 4769 2126 4004 3770 2233 7743 1694 1683 9051 643 3026 3401 2837 633 4750 6387 9807 6219 8301 7 9205 9377 9074 8574 6537
30 5465 1573 4989 3659 9042 3762 2339 4093 2622 8920 9078 3742 8231 9228 6581 865 5122 2704 7271 1450 5807 6259 3823 9167 6241 1297 5764 4884 9697 2719
31 7633 7179 3575 4560 2519 4183 2983 4025 1242 1693 7062 2066 5905 475 99 2945 812 438 3466 3924 725 876 4319 587 5543 769 4552 368 3857 2561 9860
26 7662 9246 9366 7976 2135 956 4015 5523 3176 290 3794 5083 3786 2663 4557 1591 5572 1077 7736 7868 1765 4702 4412 8165 9786 2406
26 8099 2607 6578 1053 1913 3881 4627 6359 8488 4831 1309 2148 8448 2006 7476 1216 9142 890 7354 9686 940 7968 6179 6647 5707 8696
26 9488 846 3781 7244 8327 3777 9149 6651 6849 8611 345 4919 412 2869 917 4555 2192 3976 6468 1569 5684 9682 2104 2211 8110 7568
27 4753 9887 1531 4067 906 9974 2401 1750 365 4958 2646 7334 6018 4617 3132 1866 1535 6417 9920 9944 9206 293 1628 5809 9579 2523 7187
29 7914 3104 23 4951 1670 3560 2384 7436 6697 8511 1189 7942 7811 2389 3834 9453 6134 7763 2164 3539 3591 506 3165 9652 1061 7858 9563 9724 3555
25 8346 1330 6890 4217 9123 304 970 1160 9451 4684 5096 259 6114 2903 7102 9312 2723 7732 8397 3296 7977 4979 4505 9637 6637
25 7148 773 5846 49 3380 1794 5867 6708 1248 5279 9448 5346 1063 6147 7200 1376 3017 1617 1328 3559 1686 3706 4840 2431 1185
31 3363 9890 3247 702 6155 1505 9909 402 2762 8914 8322 9375 21 4440 6582 2033 9588 1664 8190 1931 5123 3056 3690 6555 3200 6782 5359 8619 6149 2879 7655
25 4322 6687 8934 7721 555 4694 636 359 5947 7924 758 9846 6788 5061 6401 2773 7293 6855 9124 4631 7791 6656 1868 9481 1793
32 7427 5557 4122 2228 4123 8564 9059 4898 8668 203 9720 5411 3568 4813 4598 2032 8597 1511 9103 4451 9028 9938 5243 298 634 415 1928 3305 694 4901 4329 9346
26 4804 9360 7402 9268 3764 8726 7110 2509 4443 7990 3879 1952 3695 9118 5622 6476 9928 1901 1384 5143 6201 6366 8117 8782 7362 7178
31 5777 5262 8017 4933 4567 7952 1612 8834 4504 4293 7935 7068 5767 8348 1517 241 8396 6739 3773 7562 1232 5873 8632 2721 6761 105 2587 7049 3517 63 7649
29 746 8698 7115 5129 5658 9590 4673 7960 9186 6562 5769 3194 7345 1557 1929 1091 2204 1142 1906 2488 4924 3617 7445 9374 2162 79 8935 2668 3422
25 4852 9031 3765 144 6961 9322 7773 9745 7441 1354 1402 1630 5404 4100 4033 3574 2245 8684 5676 7444 3627 8763 2385 8216 7608
25 654 4632 5815 9397 2771 7379 9183 7664 7243 7388 430 3409 6977 4143 9929 923 6035 4982 3712 6986 2115 2885 6480 7471 7908
28 138 2795 7042 8261 3733 4867 1412 2917 6630 7580 5100 472 4687 7586 7363 903 1272 3499 5541 165 7530 5250 6370 4196 7463 8187 1993 6614
23 1965 9727 9826 1140 961 5333 4587 8526 2642 6473 2020 2416 2390 245 6904 3378 6853 1455 242 3352 6053 5386 9934
26 9543 6330 6062 7708 2140 5542 2058 6105 2868 525 2055 7037 7276 8341 9796 9653 3184 6247 8452 3561 7490 9450 4959 5712 8771 1653
29 1577 2765 8207 7744 8613 7144 1236 2071 7097 8813 8552 8734 292 8185 6726 6078 9266 5060 9017 7350 5431 1201 4462 9176 4222 2962 6639 3472 8715
27 8057 4303 4568 4757 1675 4495 690 7359 1754 1867 9952 8755 1553 8109 6884 5272 2173 2580 7507 5992 7301 7659 4895 1550 451 2273 3808
29 9988 3209 6597 1983 6655 8875 9076 1917 6057 6553 8638 8042 7620 1894 3684 112 6518 6768 3960 8326 7600 6273 455 8736 6524 7270 126 224 697
27 2265 3628 4994 7120 4529 7691 6615 8076 6764 4124 878 5220 3889 9299 2671 7757 982 6698 7274 9468 3002 7073 6308 8516 5593 849 8395
28 1386 7855 8592 3312 9606 7798 4655 6643 5396 3427 8249 7525 2705 2044 3175 8254 5006 2060 5825 1656 6934 8212 6923 1277 8648 7617 9188 4866
25 1109 9594 8400 3333 7191 3346 1368 8463 4454 2590 5192 981 492 3047 8310 6649 4939 3749 4971 4484 1827 6801 3652 7261 7900
24 2378 8085 3496 9019 9129 6866 9184 1307 9126 5403 3608 2882 361 7836 6682 8600 9013 2483 8556 1227 9320 6052 1350 4585
24 3123 1660 2000 460 9097 1258 9172 4672 1485 5121 7554 4723 1249 4551 1578 2344 8054 9701 9834 3221 9603 4695 5227 2565
30 2672 5837 5241 2933 1267 8884 3847 899 7296 8553 1603 4028 7282 9964 6010 2342 1504 2727 2113 562 658 944 7627 5414 6122 4022 6040 7192 192 4037
28 5500 1035 7216 9227 6416 1907 5058 4076 8050 8486 6675 2132 1406 339 5152 9359 5443 762 2045 5750 2934 29 4651 2588 3226 7841 2585 5779
24 2417 1752 3693 4607 684 9467 5592 3892 7767 3055 57 324 4645 6494 8138 5778 1234 1987 7140 5172 5787 1369 5780 5970
27 8709 7439 4503 3746 3680 606 5863 4597 5142 5384 313 2760 5782 2404 9845 1188 8886 6414 7630 6724 9026 9679 9863 2571 1727 8784 9354
28 5062 7222 4480 3866 2573 5949 4718 5744 4185 8645 9363 7407 600 4425 3828 1351 1195 7628 1296 1335 9063 7197 2491 6797 2866 5466 824 5178
22 1641 8246 9755 6003 9702 7986 6322 8006 3205 6750 739 2833 5874 7005 5075 7479 2362 4894 5264 8043 3663 3173
26 8551 3832 1191 3044 1417 3 7485 771 3528 662 8988 6188 5854 1744 5648 8221 7898 6689 244 3255 7145 9569 5665 166 8225 120
32 4077 3265 1734 5483 4046 462 9640 8970 4263 4900 5704 8123 6715 3553 3028 4637 3108 1536 6512 1084 4554 4731 1527 2340 7440 2328 4353 1791 4063 6942 9163 3021
30 7324 6152 3324 5109 6748 7650 1898 1671 2100 7071 4728 5983 7973 125 2761 5093 9381 3983 3244 1058 8580 1658 8427 2376 6013 6783 9001 7817 8270 341
25 4398 2381 9498 9669 6283 2747 3917 7061 1609 3310 1003 3629 7682 8720 6839 7963 4296 2374 3447 10 8823 8777 1255 2528 8096
31 666 612 2890 2954 8464 8239 243 4465 1259 9689 8943 3606 6945 2082 585 4177 247 755 2839 6777 9234 7814 7913 3593 3022 2285 1878 4811 869 5991 5208
27 3511 7545 4259 9884 7249 5797 689 7405 4640 4325 5808 2632 4125 7673 6492 5174 4606 433 1202 4485 6661 18 3459 1209 9802 2678 1596
31 3815 8546 810 7698 8949 7383 3836 7668 4096 3745 5146 8874 8245 673 3393 3096 3888 700 7700 6170 9897 3600 4220 5792 880 3859 253 1607 4512 9847 5823
30 6603 7205 2715 3679 8083 3582 8765 706 8828 7592 1620 6809 9043 5073 3974 8223 611 8671 8973 4763 3309 8157 4403 88 8203 4138 9805 6413 7820 8636
29 2182 929 2874 2221 3332 5343 4483 6515 3388 9274 5133 8150 5119 5509 3298 8578 4373 6075 3599 6466 8158 1748 807 8622 2434 5686 856 6305 2776
26 4760 2198 687 4152 515 9235 1888 9725 2680 5407 4792 2928 686 7237 7514 8155 5628 1471 3031 2366 1072 9881 172 8895 65 5717
27 445 3128 9940 4957 6341 9936 2794 833 4204 7257 1419 6757 4448 8329 7159 7684 9638 3230 6536 4008 737 3493 4416 3048 4821 3642 7917
29 7828 8404 7331 1241 8257 679 7338 3821 1096 5749 5059 1459 6741 7058 9196 3886 4328 6678 9230 5630 6333 6560 5234 1857 5624 2883 3901 1946 9404
32 3236 9194 3471 6168 4219 9772 2433 2853 9499 6037 7135 2909 9501 6176 4368 2010 3477 5447 7803 7834 8425 7353 8839 7302 6243 2002 4859 251 9030 4384 4735 9071
26 9282 9850 8969 3519 1809 8910 5508 7610 8652 7409 715 7387 7009 4027 1391 9676 1426 6394 7420 7501 6583 894 9285 1266 7806 9555
28 9925 1817 8003 3919 5585 1093 4931 2001 6740 1555 4489 6098 8094 198 7321 4074 8355 1918 5754 4663 5722 8690 7618 7154 7280 5789 6906 6575
30 4473 5756 9336 9756 605 5783 6816 1854 1219 4941 9910 9087 7802 1650 8775 7118 9567 2333 9429 5103 463 2196 9245 5932 7788 9080 7089 8272 2999 2441
25 5798 6021 3681 7985 473 6727 74 7812 3989 4726 6252 2527 214 4843 1169 386 454 3077 6132 2669 1930 730 2814 936 1136
24 9215 7487 1491 5345 7890 5171 7038 4110 7671 465 3487 1256 59 4258 4845 5335 4670 4198 6196 6833 5985 8803 371 5738
27 6669 8440 3951 6790 7723 2295 8500 7330 5282 8536 2276 6941 805 4109 2326 8457 7646 6896 4928 6107 4849 8275 6916 5569 1345 3529 6279
30 2993 2830 405 429 3064 3259 6125 1592 8251 6547 4758 4229 1352 2413 9002 645 9427 1763 4837 8357 5316 5709 9335 7551 1287 4257 9838 8683 1315 9255
25 7995 5041 1113 2769 4 653 7203 2541 6971 83 6033 8278 7150 8908 8401 5880 3891 4596 8010 6702 5391 8247 3601 5681 7996
28 6845 377 7395 4808 2916 2129 9864 6752 1549 8956 4295 9655 5869 861 8124 1480 268 6232 2259 5087 2392 948 4721 9041 1967 2544 2881 3188
23 1472 8184 4754 1520 6117 9416 6073 7455 7374 135 7312 6993 8345 4511 9256 9729 6938 5495 9530 3613 7892 6569 5629
34 9155 7704 8432 7638 7335 6030 6374 7416 5883 5166 971 4562 886 7727 1526 5647 1294 8864 3003 1498 2015 9021 8217 6963 5179 7497 7469 9608 5575 4468 2789 5928 2985 2016
30 3256 7735 6294 5675 477 3443 8365 8873 6584 2595 893 4691 5023 5189 1799 2825 5833 5539 955 5013 7241 4755 1859 7101 4571 9633 641 6041 6627 6422
31 3145 9960 9470 3643 6150 9621 5117 4976 257 5856 1852 168 2068 539 2560 9757 7626 5150 4086 9783 3012 1528 5319 296 2063 7524 5660 7100 1939 6148 5107
31 993 2414 2855 3316 5669 4834 952 5682 8756 2748 4079 9883 2457 4241 8794 8604 9792 8758 255 1075 7874 2222 2455 4790 486 3547 2572 4197 467 6404 8744
26 9340 4671 7574 7358 6250 9963 2101 7526 111 4140 4665 7209 1292 8871 623 2125 5248 1346 6314 7819 9193 2729 7123 6587 4097 8265
29 558 1833 5941 5632 4896 2242 8649 1707 4083 3724 1759 413 5480 958 5479 2951 6353 2460 3915 5338 2621 4563 5725 3988 7413 9094 5621 2804 8932
28 2452 7639 5213 417 1608 4005 8575 6738 5763 8499 2735 8413 8666 6502 533 6991 9409 6315 9998 7780 7687 6593 990 5256 6730 7063 3876 4978
28 671 4349 2649 6459 9384 3367 6113 5925 6205 8292 1895 1083 7268 3622 3981 8509 5943 5026 9323 7079 4464 3140 5866 2199 8533 3840 2915 7861
29 4661 2163 7494 34 1192 1700 132 7719 5434 987 1622 4533 5169 8616 7712 9177 1706 9717 3666 8869 7170 1026 401 2503 6209 1877 9886 3985 2291
26 4616 9447 8447 6463 9286 5436 3520 1193 358 4652 7884 4180 4603 6044 5884 4648 7585 9911 5858 2958 4675 723 3936 9788 1027 1678
28 2636 4390 8080 8851 2244 3992 6000 7625 9961 2409 7835 8593 8352 8621 4276 4492 5037 4496 9469 7236 7624 8208 8312 2579 3070 3015 8845 4962
26 7822 6257 1818 8586 350 9719 6551 3300 3797 1647 5533 5699 2520 4164 9465 8048 8930 7940 6144 8738 1626 7008 2670 8062 7947 2480
27 395 436 3833 5965 7516 4629 1631 8968 5397 1444 4515 6976 3495 9290 2372 2407 4054 650 7567 5011 963 7055 5526 574 2911 8916 1990
28 8407 626 5185 5151 1795 2018 5201 6773 2887 5024 5219 189 5072 6841 2131 8459 3023 4209 3163 2896 2709 6533 3717 2275 1705 4235 5851 7756
28 9872 1824 5966 3914 2640 2815 6822 43 6446 6393 510 4992 3488 5162 1830 5786 3576 8972 3837 7266 6391 2294 6887 7306 9953 3800 3237 1404
31 6190 8121 8431 7384 9459 540 6766 7286 6262 4252 9537 6519 6015 2725 1056 3446 7130 8338 7146 984 2445 8773 2696 3966 6880 6081 7998 8940 8880 9723 1079
30 2823 8472 3361 1772 2472 3757 2024 8281 4969 3715 7091 5311 1435 6457 7696 9596 414 7365 1 8847 7578 6528 148 1949 423 9036 8830 9045 4625 4789
29 5552 8961 1339 7969 4715 5680 2279 2950 1657 6793 4545 4444 4383 3456 4985 1321 8332 838 8804 7848 2420 5799 786 2089 8905 3655 2807 4977 9204
25 1753 1377 2012 3696 5308 3238 9165 930 2313 452 8253 3065 4090 4819 5731 6146 5340 3338 9840 3577 7523 8402 2249 6164 7722
29 6638 726 8492 4802 9273 1220 996 2744 3587 7661 5879 5550 9703 7766 2116 7556 2287 6539 5415 2246 8449 7389 712 7902 9698 6447 9968 1289 2451
28 8595 159 3878 3027 6234 1059 163 8022 4134 5821 1310 9733 5661 1919 6375 7114 8560 1171 8667 992 967 5194 4267 9181 6921 4913 8305 7214
23 2652 5326 2241 1779 1429 793 5312 7163 4630 4856 6138 9694 6433 2581 3102 9066 8867 2619 9108 8772 6633 9829 1991
25 3233 3025 3991 1380 8615 629 7022 5314 7336 832 9434 2944 7346 2185 2653 3046 5616 5111 4326 113 1486 6311 8195 6988 9687
29 3902 2297 3618 6970 1737 1644 3411 4309 8454 9898 4178 4825 3246 9365 7199 8534 3004 1884 176 9775 6917 9539 3257 8647 9905 453 3816 8385 6588
26 601 474 665 8566 6657 3851 2673 9240 2547 161 8435 9311 3897 7124 9011 1006 1803 9102 2269 3661 1263 5548 4352 9164 3570 5273
26 8315 2517 9635 3921 7147 2569 1198 1342 3151 8147 532 8963 6362 1783 5790 4129 2660 8313 2886 2227 9534 6487 3542 8542 3946 9403
30 9742 4662 3534 9382 837 3783 3669 9272 8641 2281 576 6256 6208 3747 95 8119 4056 3162 4911 1806 976 7373 5710 1953 4746 2261 7223 8792 3289 6397
28 9284 8453 9104 7581 3150 1715 443 9242 236 3803 5772 1411 9889 7328 2878 1661 9411 4310 834 9779 179 3862 7311 8633 7050 7726 3148 9615
32 9211 2711 7014 3278 4186 1076 6731 6874 1525 5976 2061 6276 3020 6585 55 7307 2283 6282 802 733 2029 2402 864 2871 6592 7520 4907 8070 3589 4643 7966 1323
27 8090 3775 8049 9219 9546 8442 7944 530 38 3431 3670 4835 713 3896 6462 4072 8168 4498 8156 9480 1284 6165 7862 6858 5538 951 4058
34 7609 1831 9743 1197 3620 8421 1095 8711 927 9254 7784 5068 2802 1643 2097 4277 9050 2714 1632 5003 1625 8563 8411 9657 1974 9927 9398 2357 9293 5877 7399 1551 2149 1648
26 1466 7566 5476 571 1923 949 1055 3934 6711 9677 5352 6429 954 1456 840 2319 5246 1823 1984 3093 3538 885 8306 651 6325 8810
